1 0 14 0
2 0 14 0
3 0 20 0
4 0 10 0
5 0 13 0
6 0 20 0
7 0 20 0
8 0 6 0
9 0 20 0
10 0 20 0
11 0 17 0
12 0 20 0
13 0 20 0
14 0 20 0
15 0 20 0
16 0 20 0
17 0 13 0
18 0 1 0
19 0 1 0
20 0 20 0
21 0 7 0
22 0 11 0
23 0 13 0
24 0 15 0
25 0 8 0
26 0 12 0
27 0 20 0
28 0 20 0
29 0 20 0
30 0 12 0
31 0 13 0
32 0 20 0
33 0 10 0
34 0 20 0
35 2 18 0
36 3 20 37
37 0 2 0
38 3 20 39
39 0 2 0
40 0 3 0
104 3 20 37
105 3 3 39
41 4 20 40
42 0 3 0
43 4 20 42
106 4 20 40
107 4 20 42
44 5 20 0
45 0 5 0
46 6 20 45
47 6 7 49
108 6 20 45
109 6 15 49
48 7 20 0
49 0 5 0
50 0 16 0
51 8 20 0
52 0 20 0
53 8 20 54
54 0 7 0
110 8 20 54
55 9 20 0
56 9 10 0
57 10 15 59
58 0 13 0
59 0 9 0
111 10 17 59
60 11 20 4
61 0 10 0
62 11 20 61
63 0 10 0
64 0 10 0
65 11 20 64
66 11 20 63
67 11 11 33
112 11 14 4
113 11 20 61
114 11 20 64
115 11 20 63
116 11 20 33
68 12 20 22
117 12 12 22
69 13 20 117
70 13 20 26
71 13 20 26
72 13 20 30
73 13 20 30
118 13 13 26
74 14 14 58
75 14 20 0
76 14 20 17
77 14 20 17
78 14 14 23
79 14 20 31
80 14 20 31
119 14 14 58
120 14 14 23
81 15 20 1
82 15 20 1
83 15 20 0
84 15 20 2
85 15 20 119
86 15 15 120
87 15 20 78
88 15 20 120
121 15 15 2
89 16 20 57
90 16 20 24
91 16 20 24
92 17 18 50
93 17 18 0
122 17 17 50
94 18 20 122
95 18 20 0
96 18 18 111
123 18 18 122
124 18 18 111
97 19 20 124
98 19 20 35
99 19 19 0
100 16 17 0
101 15 15 5
102 5 20 105
125 19 20 124
126 19 20 35
103 3 5 0
